393
455
478
509
591
758
827
847
848
850
853
854
861
862
863
864
866
874
876
877
879
880
881
882
883
884
885
886
887
889
892
893
896
899
900
902
907
908
909
910
912
913
917
918
919
920
921
922
924
926
931
933
934
935
936
937
939
942
944
946
947
952
968
969
971
985
1008
1045
1065
1083
1096
1315
1434
1436
1554
1868
1961
2206
2226
2227
2228
2264
2272
2273
2287
2288
2291
2292
2293
2294
2295
2296
2297
2298
2299
2300
2301
2302
2303
2304
2305
2306
2307
2308
2309
2310
2311
2312
2313
2314
2315
2316
2317
2319
2320
2321
2322
2323
2324
2325
2326
2327
2328
2329
2331
2332
2335
2340
2341
2342
2343
2344
2345
2346
2347
2348
2349
2350
2351
2352
2353
2354
2356
2358
2359
2361
2364
2365
2366
2367
2368
2369
2375
2376
2377
2378
2381
2382
2383
2384
2385
2389
2390
2393
2419
2432
2435
2436
2451
2452
2561
2975
3143
3157
3193
3336
3339
3426
3428
3429
3432
3433
3436
3454
3460
3466
3478
3479
3480
3492
3501
3502
3527
3529
3530
3531
3545
3546
3553
3557
3563
3567
3569
3570
3573
3574
3575
3607
3609
3610
3611
3612
3665
3689
3698
3705
3706
3708
3739
3744
3852
3853
3854
3855
3856
3857
3860
3863
3864
3866
3868
3869
3870
3871
3872
3873
3874
3875
3876
3878
3880
3883
3884
3885
3886
3887
3890
3891
5493
5555
5608
5686
5846
5853
5915
5934
5935
5937
5940
5941
5948
5949
5950
5951
5953
5961
5963
5965
5966
5967
5968
5969
5970
5971
5972
5974
5977
5978
5981
5984
5985
5987
5991
5992
5993
5994
5996
5997
6001
6002
6003
6004
6005
6006
6008
6010
6015
6017
6018
6019
6020
6021
6023
6026
6028
6030
6031
6036
6053
6055
6069
6092
6129
6149
6167
6180
6395
6514
6516
6631
6943
7031
7270
7290
7291
7292
7297
7298
7328
7336
7337
7351
7352
7355
7356
7357
7358
7359
7360
7361
7362
7363
7364
7365
7366
7367
7368
7369
7370
7371
7372
7373
7374
7375
7376
7377
7378
7379
7380
7381
7383
7384
7385
7386
7387
7388
7389
7390
7391
7393
7394
7397
7398
7402
7403
7404
7405
7406
7407
7408
7409
7410
7411
7412
7413
7414
7415
7416
7418
7420
7421
7423
7426
7427
7428
7429
7430
7431
7437
7438
7439
7440
7443
7444
7445
7446
7447
7451
7452
7455
7481
7494
7497
7513
7514
7622
8036
8205
8219
8255
8398
8401
8484
8488
8490
8491
8494
8495
8498
8515
8521
8527
8539
8540
8541
8553
8562
8563
8587
8589
8590
8591
8605
8606
8613
8617
8623
8627
8629
8630
8633
8634
8635
8667
8669
8670
8671
8672
8725
8749
8758
8765
8766
8768
8799
8804
8912
8913
8914
8915
8916
8917
8920
8923
8924
8928
8929
8930
8931
8932
8933
8934
8935
8936
8938
8940
8943
8944
8945
8946
8947
8950
8951
