387
478
756
757
764
767
768
858
859
860
871
922
1224
1236
1241
1243
1251
1271
1317
1319
1485
1552
1985
2430
2433
2704
2981
3084
3085
3086
3087
3088
3089
3090
3117
3119
3120
3121
3122
3123
3124
3125
3126
3127
3140
3141
3142
3165
3187
3639
3642
3690
3705
3711
3848
3850
3851
5487
5578
5844
5845
5852
5855
5856
5945
5946
5947
6304
6316
6321
6323
6351
6397
6399
6562
6629
7070
7492
7495
7723
7765
8147
8148
8149
8150
8151
8152
8179
8181
8182
8183
8184
8185
8186
8187
8188
8189
8202
8203
8204
8227
8249
8699
8702
8749
8765
8770
8771
8908
8910
8911
8146
