393
455
468
509
591
758
763
765
810
826
827
847
848
850
852
853
854
861
862
863
864
866
874
875
876
877
879
880
881
882
883
884
885
886
887
889
891
893
896
899
900
907
908
909
910
912
913
916
917
918
919
920
921
924
926
927
930
931
932
934
935
936
938
939
942
944
945
946
947
968
969
970
971
978
979
983
985
987
988
1008
1012
1044
1045
1065
1083
1096
1315
1335
1423
1434
1436
1554
1868
2206
2226
2227
2229
2230
2264
2265
2266
2272
2273
2287
2288
2291
2292
2293
2294
2295
2296
2297
2298
2302
2303
2304
2305
2306
2307
2308
2309
2310
2311
2312
2313
2314
2315
2316
2317
2318
2319
2320
2321
2322
2323
2324
2325
2326
2327
2328
2329
2331
2332
2334
2336
2340
2341
2342
2343
2344
2345
2346
2347
2348
2349
2350
2351
2352
2353
2354
2356
2358
2359
2360
2361
2364
2365
2366
2367
2368
2369
2370
2371
2372
2373
2375
2376
2377
2378
2379
2380
2381
2382
2383
2384
2385
2389
2390
2391
2393
2419
2424
2427
2428
2431
2432
2434
2435
2436
2438
2439
2442
2443
2445
2451
2452
2454
2457
2561
2813
2827
2974
2975
3056
3143
3157
3171
3192
3193
3426
3428
3429
3432
3433
3436
3437
3454
3460
3461
3464
3466
3527
3529
3530
3531
3553
3557
3560
3563
3567
3569
3570
3573
3574
3575
3601
3603
3607
3608
3609
3610
3611
3612
3622
3696
3698
3708
3736
3739
3744
3858
3860
3863
3864
3865
3866
3867
3868
3869
3870
3871
3872
3873
3874
3875
3876
3877
3878
3879
3880
3885
3887
3888
3890
3891
5493
5555
5568
5608
5686
5846
5851
5853
5898
5914
5915
5934
5935
5937
5939
5940
5941
5948
5949
5950
5951
5953
5961
5962
5963
5965
5966
5967
5968
5969
5970
5971
5972
5974
5976
5978
5981
5984
5985
5987
5991
5992
5993
5994
5996
5997
6000
6001
6002
6003
6004
6005
6008
6010
6011
6014
6015
6016
6018
6019
6020
6022
6023
6026
6028
6029
6030
6031
6052
6053
6054
6055
6062
6063
6067
6069
6071
6072
6092
6096
6128
6129
6149
6167
6180
6395
6415
6503
6514
6516
6631
6943
7270
7290
7291
7293
7294
7328
7329
7330
7336
7337
7351
7352
7355
7356
7357
7358
7359
7360
7361
7362
7366
7367
7368
7369
7370
7371
7372
7373
7374
7375
7376
7377
7378
7379
7380
7381
7382
7383
7384
7385
7386
7387
7388
7389
7390
7391
7393
7394
7396
7398
7403
7404
7405
7406
7407
7408
7409
7410
7411
7412
7413
7414
7415
7416
7418
7420
7421
7422
7423
7426
7427
7428
7429
7430
7431
7432
7433
7434
7435
7437
7438
7439
7440
7441
7442
7443
7444
7445
7446
7447
7451
7452
7453
7455
7481
7486
7489
7490
7493
7494
7496
7497
7498
7500
7501
7504
7505
7507
7513
7514
7516
7519
7622
7874
7888
8035
8036
8118
8205
8219
8233
8254
8255
8488
8490
8491
8494
8495
8498
8499
8515
8521
8522
8525
8527
8587
8589
8590
8591
8613
8617
8620
8623
8627
8629
8630
8633
8634
8635
8661
8663
8667
8668
8669
8670
8671
8672
8682
8756
8758
8768
8796
8799
8804
8918
8920
8923
8924
8925
8926
8927
8928
8929
8930
8931
8932
8933
8934
8935
8936
8937
8938
8939
8940
8945
8947
8948
8950
8951
