1464
1465
1646
2220
2221
2224
2225
2228
2233
2234
2299
2300
2301
2757
2766
2767
2768
2769
2771
2847
2881
3335
3336
3337
3338
3339
3340
3341
3378
3379
3380
3382
3383
3384
3386
3387
3388
3389
3399
3400
3402
3405
3418
3419
3420
3422
3478
3479
3480
3492
3493
3495
3501
6378
6543
6544
6545
6722
7284
7285
7288
7289
7292
7297
7298
7363
7364
7365
7818
7827
7828
7829
7830
7831
7832
7837
7839
7908
7942
8397
8398
8399
8400
8401
8402
8403
8440
8441
8442
8444
8445
8446
8448
8449
8450
8451
8461
8462
8464
8467
8481
8482
8484
8539
8540
8553
8554
