385
452
915
928
940
941
2362
2363
2386
2387
2448
2988
3071
3072
3073
3080
3083
3102
3106
3110
3113
3114
3115
3116
3118
3133
3134
3139
3151
3179
3180
3185
3188
3189
3195
3196
3300
3310
3311
3312
3313
3314
3315
3316
3317
3318
3319
3331
3332
3333
3334
3370
3371
3372
3373
3374
3375
3376
3377
3381
3385
3391
3392
3393
3394
3395
3396
3413
3414
3415
3416
3417
3421
3423
3430
3435
3616
3630
3641
3675
3679
3846
5485
5552
5999
6012
6024
6025
7424
7425
7448
7449
7510
8048
8133
8134
8135
8142
8145
8164
8168
8172
8175
8176
8177
8178
8180
8195
8196
8201
8213
8241
8242
8247
8250
8251
8257
8258
8362
8372
8373
8374
8375
8376
8377
8378
8379
8380
8381
8393
8394
8395
8396
8432
8433
8434
8435
8436
8437
8438
8439
8443
8447
8453
8454
8455
8456
8457
8458
8475
8476
8477
8478
8479
8480
8483
8485
8492
8497
8676
8690
8701
8735
8739
8906
