1
2
5
1
1
1
1
1
1
1
1
1
1
1
79
2
1
1
32
1
1
1
1
1
2
1
1
1
1
1
1
5
1
1
1
1
1
1
2
1
1
2
1
1
1
1
1
1
68
1
1
1
1
1
1
1
1
1
1
1
12
1
1
1
1
1
1
1
1
1
1
1
7
8
1
1
1
1
1
1
1
1
1
1
1
1
1
1
1
1
1
1
1
1
1
34
1
1
1
1
1
1
1
95
1
1
1
3
1
1
1
1
1
1
9
1
1
1
1
1
1
134
1
1
1
1
1
1
1
1
2
1
1
1
1
1
1
2
7
1
2
1
1
1
1
1
1
1
1
1
1
30
1
1
1
1
1
1
4
1
1
7
3
1
1
1
1
114
1
1
47
1
1
1
1
1
14
1
1
1
1
1
1
1
2
1
1
1
1
9
1
14
37
1
1
6
1
1
1
1
1
1
1
1
5
1
1
1
1
1
1
1
1
1
1
1
1
1
1
1
1
1
1
1
1
82
1
1
1
1
7
1
1
5
1
3
1
1
1
1
1
1
6
1
1
1
1
1
1
1
1
1
1
1
1
1
7
1
1
4
1
1
3
1
1
1
1
1
1
1
1
1
5
6
1
1
1
1
3
1
1
1
1
1
1
1
56
1
2
1
1
1
1
1
1
1
1
1
1
1
1
1
1
1
1
1
1
5
1
11
3
1
1
1
1
1
1
1
1
1
1
3
1
1
1
1
1
26
1
1
1
1
1
1
1
1
1
1
10
1
1
1
1
1
1
4
1
1
1
53
1
1
1
1
1
1
1
5
1
1
1
5
1
2
1
1
1
1
1
1
1
1
1
1
1
1
1
1
1
1
1
1
5
1
4
13
1
4
1
1
1
1
6
1
1
1
1
1
1
1
1
1
3
5
13
1
1
1
1
1
1
1
1
1
1
2
1
1
1
1
1
1
1
1
1
1
1
1
5
1
1
1
1
1
1
1
1
1
1
1
1
3
1
1
1
1
1
1
1
7
1
3
14
1
1
1
19
1
1
2
1
1
1
1
1
1
1
1
1
1
2
3
1
34
1
1
9
2
1
1
1
12
1
1
5
1
1
1
1
1
1
4
2
91
1
4
1
1
1
1
1
1
1
1
1
1
1
1
55
1
1
1
1
1
1
1
1
1
1
1
1
1
1
1
1
1
1
1
1
1
1
1
1
2
1
1
1
2
1
1
1
1
1
1
1
1
1
1
1
1
1
2
1
1
1
1
1
1
2
1
1
1
1
1
1
1
1
1
1
1
1
1
1
1
1
1
3
1
1
1
1
1
1
1
1
1
1
1
1
1
1
19
1
3
1
1
1
1
1
1
1
1
1
1
4
1
1
2
1
1
1
1
1
1
1
1
1
1
1
1
1
1
1
1
1
1
1
1
1
1
1
1
1
1
1
1
1
4
1
1
1
1
28
1
1
1
1
1
1
1
1
1
1
1
1
1
1
1
1
1
1
1
1
2
1
1
14
1
1
1
1
1
1
2
1
1
1
1
1
1
1
1
1
1
1
1
1
24
4
21
1
1
1
1
1
1
1
1
1
1
1
1
1
1
1
1
1
1
1
1
1
1
1
1
1
1
1
1
1
1
1
74
1
1
1
1
1
1
1
1
1
1
1
1
1
1
1
1
1
1
1
1
1
4
1
3
1
1
1
17
1
1
1
1
1
1
1
4
1
1
69
1
1
1
27
1
1
1
1
1
1
1
1
213
1
1
1
1
6
1
1
1
1
1
1
2
1
12
1
1
1
1
1
1
1
1
1
1
1
1
1
1
1
1
1
1
1
1
1
1
1
1
1
301
1
1
1
1
433
1
1
1
1
154
1
1
1
1
6
1
20
1
7
1
1
1
16
1
1
2
1
1
1
1
3
1
1
5
1
1
2
1
1
1
8
1
1
5
9
1
1
1
1
1
1
1
1
52
1
1
1
1
1
1
1
1
1
1
2
1
1
5
1
1
1
5
1
1
1
2
1
1
1
1
1
1
4
1
1
1
2
1
1
1
1
1
30
1
1
17
1
1
9
9
1
1
1
1
1
8
1
3
1
1
2
1
1
1
10
84
1
1
1
4
1
1
3
1
1
1
4
1
1
4
1
3
10
21
1
3
1
1
3
1
1
1
1
1
1
2
1
1
1
3
2
1
1
1
8
1
8
1
1
2
1
1
1
1
1
1
1
1
1
9
1
9
1
1
1
40
50
2
11
1
6
92
1
10
1
13
3
17
1
1
1
163
1
6
1
1
1
2
1
1
1
1
1
1
1
1
1
1
2
1
4
1
2
1
1
1
1
1
1
1
1
1
1
1
1
1
1
1
1
3
1
1
1
1
9
1
1
1
1
5
1
1
1
1
1
1
1
1
1
1
1
1
1
1
1
59
1
1
16
1
1
1
1
1
1
1
1
24
1
1
1
1
1
1
1
2
1
1
196
41
173
1
1
1
1
1
1
1
1
52
231
1
25
1
373
3
53
16
1
1
4
1
200
1
135
1
127
3
1
1
1
104
1
1
1
13
1
1
1
6
1
1
3
1
1
1
1
135
1
1
5
1
1
1
1
4
1
1
1
1
1
1
1
4
1
3
3
7
34
122
1
1
1
35
1
80
1
13
1
1
1
1
2
281
19
1
2
3
15
1
1
1
1
1
1
1
1
1
1
1
1
3
18
1
1
1
1
1
1
1
1
1
1
1
1
1
1
1
1
1
1
1
1
1
1
1
1
1
3
1
2
1
1
1
1
1
1
1
4
1
1
1
1
1
1
1
49
1
1
2
1
1
1
1
1
1
1
1
1
1
1
1
1
1
1
1
1
1
1
1
1
1
1
1
68
1
1
5
1
1
1
1
1
5
1
1
2
1
1
1
1
1
1
1
1
1
1
1
7
229
1
1
1
673
1
42
1
11
1
1
2
1
1
1
1
1
37
1
1
65
2
8
1
2
60
1
1
7
1
7
1
19
1
1
1
1
7
8
6
65
1
5
1
1
1
1
1
1
1
1
1
9
8
65
5
1
1
1
16
1
1
1
1
1
2
16
1
2
1
7
1
1
1
1
5
17
1
106
1
444
60
13
7
1
1
114
1
10
19
50
1
10
1
234
2
16
129
214
168
1
32
1
1
12
27
9
2
59
3
1
1
1
1
13
1
1
1
2
1
1
1
1
1
1
1
1
1
1
1
7
33
12
1
1
1
9
1
7
16
1
1
1
1
1
1
1
1
1
1
1
1
2
1
1
1
1
1
1
13
1
2
1
1
1
1
2
1
1
1
1
3
1
1
12
1
1
1
1
17
1
1
115
4
1
5
30
1
1
1
1
170
12
1
1
1
1
359
1
21
1
1
1
122
1
1
1
93
1
1
1
29
124
3
1
1
104
1
1
1
1
1
2
1
1
1
5
1
1
1
1
1
1
6
5
1
1
4
3
1
84
1
1
1
1
1
1
1
99
1
1
1
51
1
76
409
1
55
1
3
1
6
1
1
1
3
6
6
69
47
1
5
12
1
1
1
1
1
1
1
1
1
1
1
1
1
5
1
1
1
1
1
1
1
1
1
1
1
1
1
1
1
1
1
1
1
1
1
1
1
1
1
1
1
1
1
1
1
1
1
1
1
1
1
1
1
1
1
1
2
1
2
1
1
1
1
1
1
1
1
20
1
2
1
1
1
1
1
1
1
1
1
1
1
1
1
1
1
1
1
1
1
1
1
1
1
1
1
12
1
1
1
1
1
1
1
1
1
1
1
1
1
1
1
1
1
1
1
1
1
1
1
1
1
1
1
1
1
1
1
1
1
1
1
1
1
1
4
1
1
1
1
1
1
1
1
1
1
1
1
1
1
1
1
1
1
1
1
1
1
1
1
1
1
1
1
6
1
1
22
15
1
1
1
1
1
1
1
1
1
1
1
1
1
1
1
1
1
2
1
1
5
1
1
1
1
10
6
1
1
1
1
1
1
1
1
1
1
1
1
1
1
1
1
1
1
1
4
1
1
1
1
1
1
1
1
1
1
1
1
1
1
1
1
1
3
1
1
6
11
23
1
1
1
1
1
5
1
1
1
1
6
1
5
1
1
1
1
1
1
1
131
1
1
1
1
1
1
1
1
1
1
1
1
1
1
1
1
1
1
15
1
1
1
1
6
1
2
1
1
1
1
1
1
1
1
1
1
1
1
3
1
1
1
1
1
1
1
4
1
1
1
1
1
1
60
1
6
1
1
1
1
1
1
1
1
1
1
1
1
1
1
1
9
1
1
1
1
1
1
1
1
1
1
1
1
14
1
1
11
16
18
2
15
1
1
1
1
7
16
1
1
1
1
1
1
3
1
1
1
1
1
1
1
1
1
1
1
53
6
1
1
1
1
1
1
3
1
1
1
5
28
1
11
1
1
1
1
13
1
1
1
1
1
1
1
1
1
1
1
1
1
1
1
1
1
1
1
1
1
1
1
1
3
12
2
9
2
1
1
1
16
1
1
1
1
1
1
22
1
1
17
1
1
3
8
1
1
1
1
1
1
1
8
15
1
1
1
1
1
1
1
1
1
1
2
1
1
1
1
1
1
1
1
1
1
1
1
1
16
1
2
1
1
1
1
1
1
1
1
10
1
1
1
1
16
1
1
1
1
1
1
1
1
1
1
1
1
1
1
1
1
1
1
1
1
16
1
4
1
1
1
1
1
1
4
1
1
1
1
1
1
1
2
1
1
1
4
1
1
1
1
1
1
1
1
1
1
1
1
1
26
1
1
1
1
1
1
1
1
1
1
1
1
1
1
1
1
1
1
1
1
1
1
1
1
1
1
1
2
1
1
1
1
8
1
1
1
4
1
1
1
1
1
1
1
1
1
1
1
1
1
1
1
1
2
1
1
1
1
1
1
1
1
1
1
1
10
1
1
1
1
1
1
1
1
1
1
1
1
1
1
1
1
1
1
1
1
1
1
1
1
129
1
1
1
2
1
1
1
1
1
1
1
1
1
1
1
1
1
1
5
20
1
1
1
1
1
1
1
2
1
4
1
5
1
1
1
1
1
3
1
1
1
1
1
1
1
1
1
11
1
1
1
1
4
2
1
1
24
22
4
1
1
1
211
1
84
1
1
3
1
3
1
1
1
1
1
1
1
1
1
1
1
3
3
1
1
1
1
1
1
2
5
1
9
3
6
17
1
23
1
1
1
1
1
1
1
1
1
1
1
1
1
1
1
1
1
1
1
1
1
1
1
1
1
1
1
1
1
1
1
1
1
1
1
1
1
1
2
1
1
1
3
1
28
1
1
21
3
3
1
193
1
1
1
1
1
1
1
1
5
1
1
1
5
2
1
1
1
1
1
1
1
1
1
1
1
3
3
1
1
1
1
2
1
1
2
1
12
25
1
1
2
1
2
9
1
1
1
1
1
1
1
1
3
1
1
2
1
1
1
4
2
1
1
1
5
1
18
1
1
1
1
2
1
2
7
1
6
2
17
1
4
1
1
2
1
1
1
1
1
1
1
1
5
1
1
43
1
1
47
1
1
1
8
21
9
1
1
4
5
1
1
1
1
3
11
1
6
7
52
3
1
59
1
1
1
1
48
131
10
1
1
1
135
1
18
1
1
1
1
1
2
96
1
1
1
2
1
1
1
1
1
1
1
1
1
1
1
1
1
5
1
1
1
1
1
1
1
1
1
1
2
1
1
1
1
1
9
8
1
201
1
1
1
1
5
1
1
1
1
1
1
1
5
1
1
1
1
1
1
66
1
1
61
1
1
1
9
1
1
1
1
1
1
1
1
1
14
51
1
1
1
1
1
1
1
4
1
1
1
1
1
1
1
1
1
1
1
1
1
1
1
1
1
1
1
1
1
2
1
1
1
1
1
1
1
1
1
1
1
1
1
1
1
1
20
2
15
1
1
27
1
1
1
1
1
1
1
1
1
1
1
1
1
12
40
17
32
1
18
25
10
148
6
1
14
128
148
91
2
12
39
7
10
1
1
1
2
4
1
1
1
41
9
1
25
4
1
10
2
1
1
1
32
1
1
1
116
6
1
21
1
4
1
1
1
56
5
159
44
20
19
21
12
5
7
1
1
1
1
747
1
1
1
9
3
1
1
1
1
5
4
103
8
1
7
1
1
1
1
1
1
1
1
1
1
1
1
1
1
1
1
42
1
1
1
1
1
1
1
1
1
1
4
1
1
1
1
1
1
1
1
1
2
1
1
1
1
1
1
1
2
4
4
1
1
1
1
1
2
1
1
1
1
17
1
1
1
1
1
1
1
1
1
3
1
1
1
1
1
1
1
1
1
1
1
1
1
1
1
1
1
1
1
1
1
1
1
1
1
1
1
3
1
1
1
1
1
1
16
1
3
1
20
10
1
1
2
1
5
1
1
1
1
1
1
1
1
1
1
1
1
4
1
3
7
73
1
10
2
3
21
16
1
1
1
1
49
32
6
1
1
1
2
1
1
1
10
1
1
2
1
17
1
5
42
1
1
27
2
1
2
1
1
40
8
1
1
1
1
38
1
574
78
291
73
2
58
2
7
20
58
12
1
9
5
1
16
16
1
1
1
1
2
1
1
1
35
5
35
4
1
1
22
5
7
1
1
2
1
1
1
1
1
1
1
1
1
1
1
1
1
6
1
1
1
1
1
1
2
1
1
1
1
11
1
1
1
1
1
24
1
1
1
7
1
1
1
1
1
1
1
1
1
1
1
1
1
25
1
1
89
3
1
1
55
352
1
9
6
22
21
1
1
9
59
3
18
81
4
1
2
56
5
732
394
4
1
10
1
1
64
1
5
3
26
1
1
1
6
1
45
1
1
5
883
21
1
1
1
3
1
1
1
3
1
1
142
739
199
1
1060
1
1
4
1
263
1
1
1
30
1
1
1
3
1
5
3
48
135
1
1
1
1
2
1
38
14
7
46
4
16
5
25
2
1
2
1
1
2
10
1
1
1
15
17
20
19
2
36
3
1
33
9
1
16
1
2
82
36
1
35
1
1
2
2
8
3
32
2
37
72
27
5
27
1
2
9
18
1
31
2
2
4
1
1
1
1
2
7
1
6
34
13
2
18
1
12
7
1
1
1
1
1
1
1
2
17
1
1
1
1
5
1
1
1
1
1
1
1
13
1
29
1
1
1
1
10
1
553
6
41
66
45
54
63
5
35
1
41
37
6
6
17
2
1
56
1
1
1
1
3
1
1
10
8
1
21
49
3
1
1
19
42
27
1
3
1
1
631
3
2
6
5
1
7
1
53
4
44
1
1
20
8
4
1
438
19
1
65
1
14
355
949
116
5
8
20
23
1
1
1
17
34
36
1
10
89
689
2013
30
618
1
1
1
1
40
1
1
1
1
1
1
1
1
17
2
7
1
1
1
444
10
1
1
1
2
2
4
1
38
51
5
6
1
1
5
1
58
23
1
1
1
1
1
2
1
1
164
1
1
1
1
11
19
1
1
1
44
8
2
45
4
1
18
12
16
19
37
1
1
2
1
1
15
1
56
4
1
5
1
1
12
1
3
1
2
40
20
20
1
15
10
74
31
61
14
1
2
1
1
1
5
40
1
3
55
1
4
1
16
2
2
5
1
36
17
20
1
1
6
1
2
1
1
6
34
6
15
26
18
2
1
1
1
1
3
2
8
1
1
52
10
20
1
1
3
1
1
1
1
76
1
1
1
1
1
1
2
4
4
3
1
1
5
1
1
3
26
1
1
1
1
4
1
5
1
1
1
14
2
1
8
1
1
1
1
8
1
2
1
1
1
2
1
1
1
3
1
3
18
1
1
1
2
10
1
1
1
1
1
1
1
2
1
1
1
1
1
25
1
2
1
3
1
1
1
1
1
1
3
1
1
3
1
1
1
1
2
1
1
1
1
1
1
1
23
1
1
4
1
1
1
1
2
1
61
51
1
1
1
1
1
1
10
1
1
2
4
10
2
1
1
1
1
1
1
1
1
1
1
1
1
7
1
1
1
1
1
1
4
1
1
1
1
133
2
1
1
1
1
1
1
1
1
1
1
1
1
1
1
1
2
1
1
6
1
1
1
1
6
1
1
1
1
1
1
1
1
1
17
1
1
1
1
1
1
3
1
1
730
1
1
1
1
1
1
1
1
1
1
16
4
1
30
1
23
1
1
1
1
6
9
1
3
1
1
1
1
1
1
4
1
1
1
1
1
1
1
1
1
1
1
1
1
1
1
1
2
1
2
6
1
2
1
1
1
1
1
1
1
1
1
1
1
1
1
1
1
1
1
1
1
1
1
1
1
1
1
4
3
1
1
1
16
2
1
1
1
1
1
1
1
1
1
1
1
1
1
1
1
1
1
2
2
1
1
1
1
1
6
1
1
1
1
1
7
1
2
9
88
20
1
1
1
1
1
1
1
1
1
7
9
2
1
1
1
1
1
1
1
1
1
1
1
2
1
1
1
1
1
1
1
1
28
1
1
1
1
1
1
1
2
1
1
1
7
1
251
4
144
131
20
396
5
6
1
1
45
2
1
4
5
8
2
1
1
1
1
1
1
1
1
17
1
1
1
1
1
1
1
1
1
1
1
1
1
3
1
1
84
49
1
2
30
1
12
8
10
73
18
1
1
1
1
1
1
3
1
1
1
1
1
1
1
1
3
1
1
1
1
54
1
94
13
1
1
1
1
1
1
1
38
2
5
1
9
6
2
1
1
1
1
5
1
1
1
3
1
1
1
1
1
5
1
3
1
1
1
1
2
4
2
1
17
1
69
35
2
3
2
1
1
1
25
5
2
1
1
18
1
22
1
1
1
15
1
1
1
1
1
1
1
3
1
1
1
1
1
1
12
1
1
1
1
1
1
1
1
1
2
1
1
1
1
1
1
1
1
1
2
1
1
1
1
2
1
1
1
1
4
1
1
1
1
10
60
1
1
1
1
1
1
1
1
1
1
1
1
1
1
1
1
1
1
1
1
1
1
1
1
1
1
1
1
1
1
1
1
1
1
1
1
1
1
1
1
1
2
1
1
1
1
1
2
1
1
4
1
1
8
1
1
9
1
1
1
1
1
1
1
1
1
1
1
8
1
1
1
1
1
1
1
1
1
1
1
1
1
1
1
1
1
5
1
1
11
1
1
1
1
1
1
8
1
1
1
4
3
1
1
1
1
1
1
1
1
1
1
13
6
1
1
3
2
2
3
4
1
1
1
1
1
35
20
1
1
1
1
1
1
1
1
1
1
1
1
1
1
1
1
1
1
1
1
1
1
1
1
1
1
1
1
1
1
1
1
1
1
1
1
1
1
1
1
1
1
1
1
1
1
1
1
1
1
1
1
1
1
1
1
1
1
1
1
1
1
1
1
1
1
1
1
1
1
1
1
1
1
1
1
1
1
1
1
1
1
1
1
1
1
1
1
1
1
1
1
1
1
1
1
1
1
1
1
1
1
1
1
1
1
1
1
1
1
1
1
1
1
1
1
1
1
1
1
1
1
1
1
1
1
1
1
1
1
1
1
1
1
1
1
1
1
1
1
1
1
1
1
1
1
1
1
1
1
1
1
1
1
1
1
1
1
1
1
1
1
1
1
1
1
1
1
1
1
1
1
1
1
1
1
1
1
1
1
1
1
1
1
1
1
1
1
1
1
1
1
1
1
1
1
1
1
1
1
1
1
1
1
1
1
1
1
1
1
1
1
1
1
1
1
1
1
1
1
1
1
1
1
1
1
1
1
1
1
1
1
1
1
1
23
1
1
1
1
1
1
1
1
1
1
1
1
1
1
1
1
1
1
1
1
1
1
1
1
1
1
1
1
1
1
1
1
1
1
1
1
1
1
1
1
1
1
1
1
1
1
1
1
1
1
1
1
1
1
1
1
1
1
1
1
1
1
1
1
1
1
1
1
1
1
1
1
1
1
1
1
1
1
1
1
1
1
1
1
1
1
1
1
1
1
1
1
1
1
1
1
1
1
1
1
1
1
1
1
1
1
1
1
1
1
1
1
1
1
1
1
1
1
1
1
1
1
1
1
1
1
1
1
1
1
1
1
1
1
1
1
1
1
1
1
1
1
1
1
1
1
1
1
1
1
1
1
1
1
1
1
1
1
1
1
1
1
1
1
1
1
1
1
1
1
1
1
1
1
1
1
1
1
1
1
1
1
1
1
1
1
1
1
1
1
1
1
1
1
1
1
1
1
1
1
1
1
1
1
1
1
1
1
1
1
1
1
1
1
1
1
1
1
1
1
1
1
1
1
1
1
1
1
1
1
1
1
1
1
1
1
1
1
1
1
1
1
1
1
1
1
1
1
1
1
1
1
1
1
1
1
6
1
1
5
1
1
1
1
1
6
1
1
10
4
1
6
1
1
1
1
1
1
1
5
1
1
8
1
1
1
1
1
1
1
1
1
1
2
1
1
1
1
1
1
1
2
1
1
14
1
1
1
1
1
1
1
1
1
1
1
1
3
1
1
1
1
1
1
5
9
3
2
2
1
1
4
1
1
1
1
1
3
5
1
1
1
1
1
1
1
1
1
1
1
1
1
1
1
1
1
1
1
1
1
1
1
1
1
1
1
1
1
1
1
1
1
1
1
1
1
1
1
1
1
1
1
1
1
1
1
1
1
1
1
1
1
1
1
1
1
1
1
1
1
1
1
1
1
1
1
1
1
1
1
1
1
1
1
1
1
1
1
1
1
1
1
1
1
1
1
1
1
1
1
1
1
1
1
1
1
1
1
1
1
1
1
1
1
1
1
1
1
1
1
1
1
1
1
1
1
1
1
1
1
1
1
1
1
1
1
1
1
1
1
1
1
1
1
1
1
1
1
1
1
1
1
1
1
1
1
1
1
1
1
1
1
1
1
1
1
1
1
1
1
1
1
1
1
1
1
1
1
1
1
1
1
1
1
1
1
1
1
1
1
1
1
1
1
1
1
1
1
1
1
1
1
1
1
1
1
1
1
1
1
1
1
1
1
1
1
1
1
1
1
1
1
1
1
1
1
1
4
1
1
1
1
1
1
1
1
1
1
1
1
1
1
1
1
1
1
1
1
1
1
1
4
1
1
1
1
1
1
1
1
1
1
1
1
1
1
1
1
1
2
1
1
1
1
1
1
1
1
1
1
1
1
1
1
1
1
1
1
1
1
1
1
1
1
1
1
1
1
1
1
1
1
1
1
1
1
1
1
1
1
1
1
1
1
1
1
1
1
1
1
1
1
1
1
1
1
1
1
1
1
1
1
1
1
1
1
1
1
1
1
1
1
1
1
1
1
1
1
1
1
1
1
1
1
1
1
1
1
1
1
1
1
1
1
1
1
1
1
1
1
1
1
1
1
1
1
1
1
1
1
1
1
1
1
1
1
1
1
1
1
1
1
1
1
1
1
1
1
1
1
1
1
1
1
1
1
1
1
1
1
1
1
1
1
1
1
1
1
1
1
1
1
1
1
1
1
1
1
1
1
1
1
1
1
1
1
1
1
1
1
1
1
1
1
1
1
1
1
1
1
1
1
1
1
1
1
1
1
1
1
2
70
15
1
9
1
2
1
1
11
2
1
4
1
1
1
1
1
1
1
1
1
1
1
1
4
1
1
1
1
1
1
1
1
1
1
1
1
1
65
1
1
1
1
1
1
1
1
1
1
1
1
1
1
1
1
1
1
1
1
1
1
1
1
1
1
1
72
1
1
1
2
1
1
1
1
1
3
1
1
1
26
1
2
1
1
1
2
1
1
1
1
1
1
13
1
1
1
1
1
1
1
1
1
1
1
1
1
1
1
1
1
1
1
1
2
1
28
1
1
1
1
8
1
1
1
6
1
4
1
1
1
1
9
1
1
1
9
1
1
1
1
4
1
1
1
1
1
1
1
1
1
1
14
1
1
13
8
1
1
1
1
111
1
2
10
1
32
1
1
1
1
1
1
1
1
7
1
1
1
1
1
1
1
1
1
5
4
1
1
25
1
1
1
1
2
1
1
1
64
1
1
1
1
1
1
2
1
1
1
9
1
1
1
1
1
1
1
1
1
1
1
1
1
1
1
1
20
1
43
1
1
1
1
1
1
1
1
1
1
1
1
1
1
1
1
1
1
1
1
1
1
1
1
1
1
1
1
1
1
1
1
1
1
1
1
1
1
1
1
1
1
4
9
9
1
2
1
1
1
1
1
1
1
1
1
1
1
1
1
8
1
1
1
1
1
1
1
1
1
14
1
7
1
15
1
1
1
1
1
1
1
1
1
1
1
1
1
1
1
1
1
1
1
1
1
1
1
1
2
1
1
1
2
1
1
1
1
1
49
1
1
1
14
1
1
1
1
1
1
1
1
1
1
1
1
1
1
1
1
1
1
2
1
1
1
1
1
1
1
1
3
1
1
6
1
30
1
43
2
1
12
1
1
1
19
3
1
2
1
1
19
1
1
1
1
1
8
1
1
1
1
1
1
23
1
1
1
1
59
1
1
1
1
1
1
1
1
1
1
1
1
1
1
1
1
1
1
1
1
1
1
1
1
1
34
1
18
3
1
1
1
1
1
61
1
4
1
1
31
1
1
1
2
1
1
1
1
1
56
1
1
1
1
1
1
1
1
1
78
1
1
1
1
1
11
1
1
1
2
1
1
1
1
1
1
1
1
1
1
1
1
1
1
5
1
1
1
3
1
1
6
14
1
1
1
1
2
1
1
1
1
1
1
1
1
1
1
1
1
1
1
1
1
1
1
1
10
2
1
1
1
1
1
1
1
1
1
1
1
1
1
1
1
4
1
1
1
1
1
1
1
1
1
1
19
1
2
2
1
1
1
1
17
1
2
1
1
27
1
1
1
4
1
1
1
1
1
1
1
8
1
1
1
1
1
1
1
1
148
1
16
2
1
1
2
1
1
1
1
1
1
1
1
21
1
2
1
1
1
1
1
1
1
1
1
1
1
1
1
1
1
1
1
1
1
1
59
7
1
1
1
1
1
1
1
1
1
1
1
1
1
3
1
1
1
1
1
1
1
1
1
1
1
1
1
1
1
11
1
1
3
3
1
1
2
1
1
1
1
1
1
1
1
1
1
1
1
38
1
1
1
1
1
4
1
9
1
1
1
1
1
1
1
1
1
1
1
1
1
1
1
1
1
1
62
1
1
8
1
1
1
1
1
1
1
1
1
1
1
1
1
1
1
1
1
1
1
1
1
1
1
5
1
1
1
1
1
14
20
1
1
476
1
1
1
4
1
1
4
1
1
1
1
1
1
1
1
1
1
1
1
1
1
1
1
1
1
1
66
1
1
1
1
1
1
1
1
1
1
1
51
5
1
1
1
21
1
1
1
1
1
7
1
1
29
1
2
1
1
32
1
1
1
1
92
1
1
1
7
21
1
8
1
1
1
1
107
8
1
4
1
3
1
1
23
1
1
2
1
1
1
1
1
12
1
1
1
1
3
2
1
1
26
1
1
1
1
20
1
1
1
3
1
1
1
1
1
1
1
1
1
1
1
8
1
5
1
4
1
1
1
1
1
1
1
1
1
1
1
1
1
1
1
1
3
2
1
1
1
17
1
1
7
1
1
4
1
8
1
8
1
1
1
7
2
8
62
1
1
1
3
4
7
1
7
1
1
4
7
1
1
1
1
1
31
1
1
1
1
14
1
1
1
1
1
1
1
1
1
1
1
1
1
1
1
1
4
8
9
1
19
1
1
1
1
1
1
1
1
1
1
1
1
1
1
2
13
2
1
3
1
157
60
1
301
1
89
103
1
3
1
4
33
1
2
1
1
2
1
1
1
1
1
1
1
1
1
1
1
1
1
1
1
1
1
1
9
1
1
1
1
1
1
1
1
1
1
1
1
1
6
1
1
1
1
64
1
1
1
1
11
1
1
4
1
1
1
1
1
1
1
1
1
6
1
1
44
1
1
1
1
1
1
1
1
1
1
47
5
1
1
1
1
1
1
1
1
1
1
66
2
5
1
1
1
1
1
1
1
21
339
1
32
27
15
150
5
1
1
1
65
1
18
1
95
1
18
10
1
1
8
1
1
1
1
68
1
2
1
28
1
30
1
1
11
1
11
55
21
1
1
7
2
1
1
1
1
1
1
1
1
14
1
33
25
119
1
422
1
1
1
12
1
24
1
7
1
1
1
1
2
374
1
26
1
1
44
1
1
1
1
1
1
1
1
1
1
1
1
1
1
1
1
1
1
1
1
1
1
1
1
1
1
1
2
1
1
1
1
1
2
13
2
1
3
1
1
1
1
1
1
1
6
89
1
1
1
1
1
1
1
1
1
82
1
1
1
1
1
1
1
1
1
1
5
1
1
1
1
1
1
1
1
15
2
1
1
1
5
1
1
155
1
2
1
1
1
1
1
1
1
1
1
1
1
1
1
1
1
1
1
12
10
3
1
1
11
1
1
1
22
18
11
4
1
3
1
1
1
1
1
1
18
1
1
174
330
75
5
1
1
1
5
1
1
1
3
1
20
1
1
24
1
1
3
1
19
1
2
1
1
1
5
8
1
1
1
6
1
14
12
1
1
2
1
7
1
1
12
11
1
22
2
1
5
1
7
1
1
5
1
7
243
2
130
1
2
1
132
412
1
1
102
9
18
20
115
23
1
1
123
16
3
212
3
15
1
84
1
1
23
243
240
6
11
1
1
1
9
7
19
1
1
1
83
15
1
1
99
88
1
1
1
41
1
1
1
1
2
1
1
1
16
1
1
12
1
1
1
1
1
1
1
1
1
1
1
1
1
1
1
1
15
1
1
1
1
38
13
1
1
1
8
1
2
1
1
2
1
3
1
1
46
2
73
22
7
3
30
13
5
1
2
14
105
2
144
20
1
1
156
1
4
1
1
8
122
30
1
1
81
1
1
1
150
8
1
1
1
10
1
1
1
1
1
8
1
1
1
1
1
1
1
1
1
1
3
1
1
1
1
131
1
83
1
1
1
1
1
1
1
2
1
1
1
32
1
1
246
1
2
2
14
1
1
1
1
1
2
8
11
26
8
1
39
16
1
1
1
1
1
1
1
1
1
1
1
1
1
1
1
1
1
1
1
2
2
1
3
4
2
1
1
1
1
1
1
1
1
1
1
1
1
1
1
1
1
1
1
1
1
1
1
1
1
1
1
1
1
13
1
7
1
1
1
1
1
1
1
1
4
1
1
1
1
6
18
1
1
4
1
1
1
1
1
1
1
1
1
1
1
1
1
1
1
1
1
1
1
1
67
1
1
1
1
1
1
1
1
1
1
1
1
1
1
1
1
1
1
1
1
1
1
1
1
1
1
1
1
1
1
1
1
1
1
1
1
14
1
1
2
1
1
1
1
1
1
1
1
1
1
5
1
1
1
2
8
1
1
1
1
1
1
1
1
1
1
5
3
1
4
3
1
1
1
1
1
1
1
1
1
1
1
1
1
1
1
1
1
1
1
5
1
1
1
1
1
7
1
1
1
1
1
1
1
9
1
1
1
1
1
1
1
1
1
1
1
1
1
1
1
1
1
1
1
1
2
1
1
1
1
1
1
1
1
1
1
21
1
1
57
28
1
1
1
1
1
4
6
6
1
2
2
1
5
1
1
1
1
1
1
1
46
1
1
1
1
1
1
1
1
1
1
1
1
1
1
1
3
1
1
6
1
6
1
2
1
1
1
1
2
1
1
3
1
1
1
1
1
1
33
1
1
1
1
1
1
1
1
4
1
1
1
1
1
1
1
1
1
1
10
1
1
1
1
1
1
1
12
1
1
1
1
1
8
2
1
1
118
1
1
1
1
4
1
1
1
1
1
11
1
1
5
1
1
1
1
1
108
1
2
1
1
1
1
1
1
1
1
1
1
1
9
1
1
1
1
1
1
1
1
1
1
1
1
1
1
137
1
1
1
1
1
1
8
1
1
1
1
1
1
1
1
1
1
1
1
1
1
1
1
1
1
1
1
1
1
1
7
1
1
323
1
1
1
1
1
1
1
1
1
1
1
10
5
1
1
1
1
1
1
1
101
1
1
1
2
11
1
22
9
1
7
1
1
1
1
1
2
1
1
1
1
1
1
1
1
1
1
1
1
39
11
1
1
1
21
1
1
1
1
1
1
666
1
103
1
1
1
1
1
1
1
1
1
1
1
1
1
1
1
1
1
1
1
54
1
1
2
1
1
1
1
70
9
1
10
1
1
1
1
16
1
1
1
1
1
1
1
1
1
1
1
1
1
1
1
1
1
1
1
1
1
1
1
1
1
1
1
1
1
1
1
1
1
1
1
1
1
1
1
1
1
2
1
1
1
1
1
1
7
1
1
1
2
7
1
1
5
55
1
1
1
1
1
1
1
521
1
1
1
1
1
1
1
2
2
1
1
1
1
1
1
1
1
1
1
1
1
1
1
1
1
1
1
1
1
1
1
1
1
1
1
1
1
1
1
1
1
1
1
1
221
1
1
1
32
1
2
1
1
1
9
1
2
1
1
4
2
4
1
42
16
1
1
1
1
1
1
1
4
1
1
1
1
1
1
1
1
1
1
2
1
1
1
1
1
1
1
1
1
1
1
1
1
5
1
1
76
17
6
2
6
1
1
51
46
245
1
1
1
1
6
1
1
1
1
1
1
1
1
1
2
36
2
1
1
1
1
1
1
1
8
4
1
14
3
5
1
1
1
1
1
1
1
1
1
1
1
1
1
1
1
1
1
1
1
1
1
1
1
1
1
1
1
1
4
4
1
1
1
1
1
1
1
1
4
10
1
1
4
1
1
1
1
1
1
1
17
1
1
1
1
1
1
1
1
1
1
1
1
1
1
1
1
1
2
1
1
1
1
1
3
1
1
1
1
1
6
1
1
1
20
1
2
4
1
17
1
1
1
1
1
1
1
1
1
1
1
1
1
1
1
9
1
1
9
1
1
1
1
4
1
1
1
1
1
12
1
1
1
1
1
1
12
1
1
10
19
2
14
4
1
1
1
1
1
1
1
1
1
1
1
7
1
1
28
2
5
1
1
1
4
3
3
2
15
1
53
20
1
15
1
1
12
1
1
59
1
3
20
1
47
1
12
1
21
175
24
81
1
1
1
46
11
295
1
1
1
2
1
2
1
10
2
8
1
1
1
1
1
1
1
1
1
1
1
1
1
1
1
113
1
1
1
1
1
1
1
1
1
1
1
1
1
1
7
1
21
60
1
1
1
1
15
1
1
1
1
2
1
1
2
1
1
1
1
1
1
1
1
9
1
2
1
1
1
1
1
1
1
1
1
1
6
1
36
5
1
1
1
1
1
21
1
8
1
1
1
1
1
1
2
1
1
1
1
1
1
1
1
1
1
1
1
1
1
1
1
1
1
1
1
1
1
1
1
1
1
1
1
1
1
1
2
1
15
1
1
57
1
1
1
1
1
1
1
1
1
1
1
1
1
55
34
30
6
1
9
21
1
64
49
1
45
30
5
65
5
14
12
99
25
5
1
10
8
189
1
1
3
1
1
39
93
79
1
9
1
1
1
20
1
1
1
13
4
3
4
42
1
7
1
35
1
2
56
108
1
20
5
7
33
40
15
1
1
1
1
113
3
1
1
8
15
1
1
1
12
1
1
13
1
1
1
1
1
1
1
1
3
2
1
1
1
1
1
1
1
1
1
1
1
1
1
1
1
1
1
1
1
1
4
1
1
1
1
1
1
1
1
1
1
1
1
2
1
1
1
1
1
1
1
1
1
1
1
1
1
1
7
3
5
1
1
1
1
1
1
1
1
1
1
1
1
1
1
1
1
1
1
3
1
1
1
1
1
1
1
1
1
1
1
1
1
1
1
1
1
1
1
81
1
1
1
1
1
1
2
1
1
1
42
97
1
1
1
8
13
1
9
1
1
1
1
1
1
1
1
1
1
1
31
1
51
7
51
1
2
2
3
1
30
1
20
6
4
6
30
1
48
20
1
1
1
1
1
1
1
11
1
1
1
9
4
1
1
59
8
2
1
1
1
143
240
1
1
1
1
2
179
49
90
1
179
403
8
1
31
30
7
35
1
6
21
2
13
1
1
1
1
2
5
10
1
1
41
6
49
22
2
50
115
48
13
5
1
1
1
1
1
1
1
1
29
1
1
1
1
1
1
73
1
1
1
1
1
1
1
1
1
1
1
8
1
1
1
1
1
2
1
1
1
1
18
1
14
1
1
1
1
7
105
1
1
1
9
1
1
71
13
18
1
1
1
121
106
1
14
21
3
8
1
1
2
22
1
179
24
41
1
5
91
2
61
760
6
1
1
23
1
1
1
1
1
382
1
16
1
1
1
18
1
1
287
74
9
405
1
1
2
1
1
1
16
2
1
10
30
87
1
45
25
4
8
43
25
1
1
26
1
1
10
1
1
2
19
114
127
171
1
1
1
1
1
1
35
9
72
36
4
8
17
2
1
1
59
12
5
1
25
7
1
2
1
7
7
9
2
6
36
1
1
1
4
22
7
2
4
5
21
15
25
2
9
7
1
29
15
7
2
5
2
1
1
1
1
49
1
2
16
32
17
21
1
1
1
1
31
33
1
10
8
34
2
1
1
22
2
1
1
1
1
1
1
1
40
20
9
1
1
1
3
1
1
1
1
7
1
7
18
1
386
1
1
1
1
1
1
1
1
32
2
4
2
34
1
3
7
1
33
28
1
15
1
1
12
12
1
1
1
19
1
1
43
17
1
22
48
12
1
1
57
11
2
1
113
11
10
22
44
5
6
1
1
1
1
13
33
21
1
1
97
53
15
17
74
712
1
62
1
19
73
1143
55
8
12
10
2
3
10
1
80
16
28
1
17
732
57
220
583
10
1
1
1
1
3
1
69
1
1
1
1
7
4
163
3
1
1
1
4
54
7
1
1
1
1
10
6
73
41
61
22
15
1
1
2
1
213
1
1
1
1
1
1
75
1
1
153
1
1
1
1
38
1
1
15
25
12
71
10
4
18
9
19
10
34
7
4
21
32
33
3
9
3
7
5
1
2
14
35
1
1
1
4
1
1
14
12
16
49
11
7
1
5
14
4
1
3
8
2
2
1
18
13
54
1
1
5
4
17
6
47
13
23
4
8
33
25
4
14
9
16
10
1
1
2
14
10
15
10
58
47
1
1
23
3
4
1
1
38
6
1
1
1
1
1
3
20
23
11
1
1
1
1
1
1
2
2
2
20
12
2
3
1
1
2
26
4
65
1
1
1
2
1
5
1
1
1
1
34
1
6
1
1
1
1
1
11
2
1
4
1
1
1
2
2
1
20
1
1
1
1
5
1
1
1
1
1
1
1
1
1
3
2
1
1
17
1
1
1
1
6
1
25
1
1
9
1
7
1
1
1
1
1
1
1
1
1
1
1
1
1
1
1
1
1
1
2
1
1
2
1
1
1
1
1
1
1
1
1
1
1
7
29
1
1
2
1
1
1
1
1
1
1
1
1
1
1
1
1
1
1
1
1
1
1
1
7
22
8
1
4
23
1
2
1
1
1
1
4
1
3
5
1
1
2
1
1
1
1
3
12
6
1
2
1
1
3
13
2
1
1
1
1
3
1
1
1
2
2
1
1
1
1
1
1
1
24
1
1
1
1
1
3
1
6
14
1
104
4
1
9
14
1
20
1
5
1
3
42
13
78
1
1
1
1
1
1
1
3
1
1
36
1
1
1
1
1
1
1
1
1
25
17
3
12
5
1
1
1
1
1
1
1
1
1
1
1
1
1
1
1
1
1
1
1
1
1
1
1
1
1
1
1
1
1
1
39
1
1
1
18
1
1
1
1
1
1
1
1
1
3
1
1
16
1
1
1
28
1
1
1
1
1
43
1
1
1
6
1
1
1
27
21
1
79
15
13
92
5
1
1
1
6
1
1
1
1
6
6
1
1
1
1
2
1
1
1
1
1
1
1
1
1
1
1
6
138
1
1
1
1
1
1
5
1
1
1
1
1
1
1
1
12
22
116
109
23
100
163
177
1
1
30
11
20
16
10
1
1
5
2
1
1
1
1
1
1
1
1
26
1
1
1
1
1
1
1
1
1
1
1
1
1
1
1
1
163
15
3
18
45
9
8
1
63
286
57
1
1
1
1
1
1
1
1
1
1
1
1
1
1
1
1
2
1
2
1
5
1
185
1
1
1
1
1
1
3
7
18
1
1
6
1
3
3
1
1
1
1
4
1
10
1
1
1
1
1
1
1
1
2
1
1
1
1
5
1
1
2
1
29
1
35
37
4
1
1
1
1
3
299
1
1
1
1
1
1
1
6
1
1
2
1
1
1
1
1
1
1
1
1
1
1
1
1
1
1
1
1
1
1
1
1
1
1
1
1
1
1
1
1
1
2
1
1
1
1
2
1
1
6
2
1
1
3
1
1
1
1
1
3
1
1
2
1
1
1
1
1
1
1
1
1
1
1
1
1
1
1
1
5
1
1
1
6
1
1
1
1
1
4
1
1
1
1
4
1
1
8
1
1
1
1
1
1
1
1
1
1
1
1
1
1
1
1
1
1
1
1
1
1
1
1
1
1
1
1
1
1
1
1
1
1
1
1
1
1
1
1
1
1
1
1
1
1
1
1
1
1
1
1
1
1
1
1
1
1
1
1
1
1
1
1
1
1
1
1
1
1
1
1
1
1
1
1
1
1
1
1
1
1
1
1
1
1
1
1
1
1
1
1
1
1
1
1
1
1
1
1
1
1
1
1
1
1
1
1
1
1
1
1
1
1
1
1
1
1
1
1
1
1
1
1
1
1
1
1
1
1
1
1
1
1
1
1
1
1
1
1
1
1
1
1
1
1
1
1
1
1
1
1
1
1
1
1
1
1
1
1
1
1
1
1
1
1
1
1
1
1
1
1
1
1
1
1
1
1
1
1
1
1
1
1
1
1
1
1
1
1
1
1
1
1
1
1
1
1
1
1
1
1
1
1
1
1
1
1
1
1
1
1
1
1
1
1
1
1
1
1
1
1
1
1
1
1
1
1
1
1
1
1
1
1
1
1
1
1
1
1
1
1
1
1
1
1
1
1
1
1
1
1
1
3
1
1
1
1
1
1
1
1
1
1
1
1
1
1
1
1
1
1
1
1
1
1
1
1
1
1
1
1
1
1
1
1
1
1
1
1
1
1
1
1
1
1
1
1
1
1
1
1
1
1
1
1
1
1
1
1
1
1
1
1
1
1
1
1
1
1
1
1
1
1
1
1
1
1
1
1
1
1
1
1
1
1
1
1
1
1
1
1
1
1
1
1
1
1
1
1
1
1
1
1
1
1
1
1
1
1
1
1
1
1
1
1
1
1
1
1
1
1
1
1
1
1
1
1
1
1
1
1
1
1
1
1
1
1
1
1
1
1
1
1
1
1
1
1
1
1
1
1
1
1
1
1
1
1
1
1
1
1
1
1
1
1
2
1
1
1
1
1
1
1
1
1
1
1
1
1
1
1
1
1
1
1
1
1
1
1
1
1
1
1
1
1
1
1
1
1
1
1
1
1
1
1
1
1
1
1
1
1
1
3
1
1
1
1
1
3
1
1
1
1
1
1
1
1
1
1
1
1
1
1
1
1
1
1
1
1
5
2
1
1
6
1
1
5
1
1
19
1
1
2
3
1
11
5
1
1
1
4
1
1
1
1
1
1
1
1
1
1
1
1
1
1
1
1
1
1
1
1
1
1
1
1
1
1
1
1
1
1
1
1
1
1
1
1
1
1
1
1
1
1
1
1
1
1
1
1
1
1
1
1
1
1
1
1
1
1
1
1
1
1
1
1
1
1
1
1
1
1
1
1
1
1
1
1
1
1
1
1
1
1
1
1
1
1
1
1
1
1
1
1
1
1
1
1
1
1
1
1
1
1
1
1
1
1
1
1
1
1
1
1
1
1
1
1
1
1
1
1
1
1
1
1
1
1
1
1
1
1
1
1
1
1
1
1
1
1
1
1
1
1
1
1
1
1
1
1
1
1
1
1
1
1
1
1
1
1
1
1
1
1
1
1
1
1
1
1
1
1
1
1
1
1
1
1
1
1
1
1
1
1
1
1
1
1
1
1
1
1
1
1
1
1
1
1
1
1
1
1
1
1
1
1
1
4
1
1
1
1
1
1
1
1
1
1
1
1
1
1
1
1
1
1
1
1
1
1
1
1
1
1
1
1
1
1
1
1
1
1
1
1
1
1
1
1
1
1
1
1
1
1
1
1
1
1
1
1
1
1
1
1
1
1
1
1
1
1
1
1
1
1
1
1
1
1
1
1
1
1
1
1
1
1
1
1
1
1
1
1
1
1
1
1
1
1
1
1
1
1
1
1
1
1
1
1
1
1
1
1
1
1
1
1
1
1
1
1
1
1
1
1
1
1
1
1
1
1
1
1
1
1
1
1
1
1
1
1
1
1
1
1
1
1
1
1
1
1
1
1
1
1
1
1
1
1
1
1
1
1
1
1
1
1
1
1
1
1
1
1
1
1
1
1
1
1
1
1
1
1
1
1
1
1
1
1
1
1
1
1
1
1
1
2
1
1
1
1
1
1
1
1
1
1
1
1
1
1
1
1
1
1
1
1
1
1
1
1
1
1
1
21
1
10
1
1
1
1
1
1
1
4
1
1
1
1
1
1
1
1
1
1
1
1
1
1
1
1
1
1
1
1
7
1
2
1
24
1
1
3
15
3
1
1
1
6
1
1
1
1
1
1
1
1
1
1
1
2
1
1
2
1
1
4
105
4
4
9
7
2
2
6
1
1
1
1
1
1
1
1
1
1
1
1
1
1
1
1
2
1
1
1
2
1
1
4
1
1
1
1
1
1
1
1
1
1
1
1
1
1
1
1
1
1
1
1
1
1
1
1
1
1
1
1
1
1
1
1
1
1
1
1
1
1
1
1
1
1
1
1
1
1
1
1
1
1
4
1
1
2
13
1
7
1
1
1
1
1
1
1
1
1
1
1
