387
478
756
757
764
767
768
858
859
860
871
922
1224
1236
1241
1243
1251
1271
1317
1319
1464
1465
1485
1552
1646
1985
2220
2221
2224
2225
2228
2233
2234
2299
2300
2301
2430
2433
2704
2757
2766
2767
2768
2769
2771
2847
2881
2981
3084
3085
3086
3087
3088
3089
3090
3117
3119
3120
3121
3122
3123
3124
3125
3126
3127
3140
3141
3142
3165
3187
3335
3336
3337
3338
3339
3340
3341
3378
3379
3380
3382
3383
3384
3386
3387
3388
3389
3399
3400
3402
3405
3418
3419
3420
3422
3478
3479
3480
3492
3493
3495
3501
3639
3642
3690
3705
3711
3848
3850
3851
5487
5578
5844
5845
5852
5855
5856
5945
5946
5947
6304
6316
6321
6323
6351
6378
6397
6399
6543
6544
6545
6562
6629
6722
7070
7284
7285
7288
7289
7292
7297
7298
7363
7364
7365
7492
7495
7723
7765
7818
7827
7828
7829
7830
7831
7832
7837
7839
7908
7942
8147
8148
8149
8150
8151
8152
8179
8181
8182
8183
8184
8185
8186
8187
8188
8189
8202
8203
8204
8227
8249
8397
8398
8399
8400
8401
8402
8403
8440
8441
8442
8444
8445
8446
8448
8449
8450
8451
8461
8462
8464
8467
8481
8482
8484
8539
8540
8553
8554
8699
8702
8749
8765
8770
8771
8908
8910
8911
