385
387
452
478
756
757
764
767
768
858
859
860
871
915
922
928
940
941
1224
1236
1241
1243
1251
1271
1317
1319
1464
1465
1485
1552
1646
1985
2220
2221
2224
2225
2228
2233
2234
2299
2300
2301
2362
2363
2386
2387
2430
2433
2448
2704
2757
2766
2767
2768
2769
2771
2847
2881
2981
2988
3071
3072
3073
3080
3083
3084
3085
3086
3087
3088
3089
3090
3102
3106
3110
3113
3114
3115
3116
3117
3118
3119
3120
3121
3122
3123
3124
3125
3126
3127
3133
3134
3139
3140
3141
3142
3151
3165
3179
3180
3185
3187
3188
3189
3195
3196
3300
3310
3311
3312
3313
3314
3315
3316
3317
3318
3319
3331
3332
3333
3334
3335
3336
3337
3338
3339
3340
3341
3370
3371
3372
3373
3374
3375
3376
3377
3378
3379
3380
3381
3382
3383
3384
3385
3386
3387
3388
3389
3391
3392
3393
3394
3395
3396
3399
3400
3402
3405
3413
3414
3415
3416
3417
3418
3419
3420
3421
3422
3423
3430
3435
3478
3479
3480
3492
3493
3495
3501
3616
3630
3639
3641
3642
3675
3679
3690
3705
3711
3846
3848
3850
3851
5485
5487
5552
5578
5844
5845
5852
5855
5856
5945
5946
5947
5999
6012
6024
6025
6304
6316
6321
6323
6351
6378
6397
6399
6543
6544
6545
6562
6629
6722
7070
7284
7285
7288
7289
7292
7297
7298
7363
7364
7365
7424
7425
7448
7449
7492
7495
7510
7723
7765
7818
7827
7828
7829
7830
7831
7832
7837
7839
7908
7942
8048
8133
8134
8135
8142
8145
8147
8148
8149
8150
8151
8152
8164
8168
8172
8175
8176
8177
8178
8179
8180
8181
8182
8183
8184
8185
8186
8187
8188
8189
8195
8196
8201
8202
8203
8204
8213
8227
8241
8242
8247
8249
8250
8251
8257
8258
8362
8372
8373
8374
8375
8376
8377
8378
8379
8380
8381
8393
8394
8395
8396
8397
8398
8399
8400
8401
8402
8403
8432
8433
8434
8435
8436
8437
8438
8439
8440
8441
8442
8443
8444
8445
8446
8447
8448
8449
8450
8451
8453
8454
8455
8456
8457
8458
8461
8462
8464
8467
8475
8476
8477
8478
8479
8480
8481
8482
8483
8484
8485
8492
8497
8539
8540
8553
8554
8676
8690
8699
8701
8702
8735
8739
8749
8765
8770
8771
8906
8908
8910
8911
