385
387
410
452
478
756
757
764
767
768
828
830
858
859
860
871
915
922
928
933
937
940
941
952
1198
1224
1236
1241
1243
1251
1271
1288
1317
1319
1464
1465
1485
1552
1646
1961
1985
2147
2220
2221
2224
2225
2228
2233
2234
2235
2274
2275
2276
2285
2299
2300
2301
2362
2363
2386
2387
2430
2433
2448
2704
2757
2766
2767
2768
2769
2771
2847
2881
2981
2988
3071
3072
3073
3074
3075
3076
3080
3082
3083
3084
3085
3086
3087
3088
3089
3090
3091
3092
3093
3095
3101
3102
3103
3104
3105
3106
3107
3108
3110
3111
3112
3113
3114
3115
3116
3117
3118
3119
3120
3121
3122
3123
3124
3125
3126
3127
3133
3134
3137
3139
3140
3141
3142
3150
3151
3152
3154
3165
3179
3180
3181
3182
3184
3185
3186
3187
3188
3189
3191
3195
3196
3300
3310
3311
3312
3313
3314
3315
3316
3317
3318
3319
3320
3321
3322
3323
3324
3325
3326
3331
3332
3333
3334
3335
3336
3337
3338
3339
3340
3341
3342
3343
3344
3345
3346
3347
3348
3358
3359
3360
3361
3362
3363
3364
3365
3366
3370
3371
3372
3373
3374
3375
3376
3377
3378
3379
3380
3381
3382
3383
3384
3385
3386
3387
3388
3389
3391
3392
3393
3394
3395
3396
3399
3400
3402
3405
3413
3414
3415
3416
3417
3418
3419
3420
3421
3422
3423
3430
3435
3478
3479
3480
3492
3493
3495
3501
3502
3525
3534
3545
3546
3605
3616
3630
3639
3641
3642
3665
3675
3679
3689
3690
3705
3706
3711
3743
3846
3848
3850
3851
3852
3853
3854
3855
3856
3857
3883
3884
3886
5485
5487
5510
5552
5578
5844
5845
5852
5855
5856
5916
5918
5945
5946
5947
5999
6006
6012
6017
6021
6024
6025
6036
6277
6299
6304
6316
6321
6323
6351
6368
6378
6397
6399
6543
6544
6545
6562
6629
6722
7031
7070
7212
7284
7285
7288
7289
7292
7297
7298
7299
7338
7339
7340
7349
7363
7364
7365
7424
7425
7448
7449
7492
7495
7510
7723
7765
7798
7818
7821
7827
7828
7829
7830
7831
7832
7837
7839
7908
7942
8048
8133
8134
8135
8136
8137
8138
8142
8144
8145
8147
8148
8149
8150
8151
8152
8153
8154
8155
8157
8164
8165
8166
8167
8168
8169
8170
8172
8174
8175
8176
8177
8178
8179
8180
8181
8182
8183
8184
8185
8186
8187
8188
8189
8195
8196
8199
8201
8202
8203
8204
8212
8213
8214
8216
8227
8241
8242
8243
8244
8246
8247
8248
8249
8250
8251
8253
8257
8258
8362
8372
8373
8374
8375
8376
8377
8378
8379
8380
8381
8382
8383
8384
8385
8386
8387
8388
8393
8394
8395
8396
8397
8398
8399
8400
8401
8402
8403
8404
8405
8406
8407
8408
8409
8410
8419
8420
8421
8422
8423
8424
8425
8426
8427
8428
8429
8432
8433
8434
8435
8436
8437
8438
8439
8440
8441
8442
8443
8444
8445
8446
8447
8448
8449
8450
8451
8453
8454
8455
8456
8457
8458
8461
8462
8464
8467
8475
8476
8477
8478
8479
8480
8481
8482
8483
8484
8485
8492
8497
8539
8540
8541
8553
8554
8562
8563
8585
8594
8605
8606
8665
8676
8690
8699
8701
8702
8725
8735
8739
8749
8765
8766
8770
8771
8803
8906
8908
8910
8911
8912
8913
8914
8915
8916
8917
8943
8944
8946
